7.091836734693881539e-01 1.634717721202742224e-01
7.142857142857147457e-01 2.900528672855811618e-01
7.193877551020411154e-01 3.147820954249770931e-01
7.244897959183675962e-01 1.205751886144862256e-01
7.244897959183675962e-01 3.351816041113178657e-01
7.244897959183675962e-01 1.645471537424386399e-01
7.244897959183675962e-01 1.177422366908422863e-01
7.244897959183675962e-01 2.768375464041272771e-01
7.244897959183675962e-01 6.609372813753067177e-02
7.244897959183675962e-01 5.713139633889383756e-02
7.193877551020411154e-01 6.127209702865017010e-02
7.193877551020411154e-01 7.526016781500433073e-02
7.193877551020411154e-01 2.063906699787395604e-01
7.193877551020411154e-01 1.889549712952642846e-01
7.193877551020411154e-01 7.776723591383395695e-02
7.193877551020411154e-01 4.929533370948646631e-02
7.091836734693881539e-01 5.284884330500311256e-02
7.091836734693881539e-01 1.062121505843332953e-01
6.802721088435374763e-02 4.366803479117007947e-01
1.658163265306122555e-02 3.875295911400655768e-01
