9.974937343358339925e-01
9.974937343358339925e-01
9.974937343358339925e-01
9.974937343358339925e-01
9.974937343358339925e-01
9.974937343358339925e-01
9.974937343358339925e-01
9.974937343358339925e-01
9.974937343358339925e-01
9.974937343358339925e-01
9.974937343358339925e-01
9.974937343358339925e-01
9.974937343358339925e-01
9.974937343358339925e-01
9.974937343358339925e-01
9.974937343358339925e-01
9.974937343358339925e-01
9.974937343358339925e-01
9.974937343358339925e-01
9.974937343358339925e-01
