9.974937343358339925e-01 1.225617986627217243e-01
9.974937343358339925e-01 1.212634862911009664e-01
9.974937343358339925e-01 1.244953739271030257e-01
9.974937343358339925e-01 1.205233126801374816e-01
9.974937343358339925e-01 1.289084963077614943e-01
9.974937343358339925e-01 1.245754776611006087e-01
9.974937343358339925e-01 1.166522716218979933e-01
9.974937343358339925e-01 1.191888608027249497e-01
9.974937343358339925e-01 1.143048603514827122e-01
9.974937343358339925e-01 1.158040605112000826e-01
9.974937343358339925e-01 1.150783472864886497e-01
9.974937343358339925e-01 1.102319851562550829e-01
9.974937343358339925e-01 1.126091309536193935e-01
9.974937343358339925e-01 1.220047456186517665e-01
9.974937343358339925e-01 1.208025373310624984e-01
9.974937343358339925e-01 1.159640324462679895e-01
9.974937343358339925e-01 1.110110258253108190e-01
9.974937343358339925e-01 1.134064415902021616e-01
9.974937343358339925e-01 1.105686446924481203e-01
9.974937343358339925e-01 1.078299677615832397e-01
