9.272893323996261872e-01 2.138110952225696915e-01
9.270671101774039524e-01 1.751091232472364034e-01
9.270532212885149725e-01 1.665505876448698241e-01
9.260622082166196645e-01 1.525735025676422663e-01
9.095336134453776422e-01 1.171276717960088171e-01
9.039474789915963315e-01 1.114136010255182274e-01
8.968572595704944472e-01 1.135963594193700743e-01
8.763894724556486882e-01 1.021662100327011408e-01
8.786981792717083461e-01 9.920512733531569594e-02
8.724132819794583327e-01 1.050369668222296132e-01
8.687717086834731983e-01 1.020290290812313760e-01
8.554215686274510011e-01 9.735729733112831463e-02
8.462242063492062538e-01 9.561890671937707531e-02
8.449717553688139704e-01 9.399787762154082627e-02
8.319831932773108507e-01 9.490622937581827401e-02
8.257736928104574270e-01 9.336528533136655150e-02
8.201017740429503711e-01 9.247130430290111114e-02
8.106968954248365833e-01 9.137837853170002744e-02
7.983182773109243069e-01 9.381538698573117785e-02
7.897975023342670431e-01 9.190267799607260146e-02
