3.820756022980292266e-01 1.200426397706396975e-01
3.945198233139415311e-01 1.156414039622230688e-01
3.788842846287701072e-01 1.245689105162504640e-01
3.663874889407983115e-01 1.293871270634701365e-01
3.629853918548773817e-01 1.203108301035262367e-01
3.504465428362492085e-01 1.259721703099941359e-01
3.409502558307708209e-01 1.217626144835263907e-01
3.481596859023330381e-01 1.131971660999073342e-01
3.260826605992048766e-01 1.189546389945796978e-01
3.210614371331283468e-01 1.206702767959766526e-01
3.130585123618215282e-01 1.196112533447548365e-01
3.051257639419405754e-01 1.153776928290197457e-01
3.023993151456388362e-01 1.148978672297972237e-01
2.908729624134037683e-01 1.151200372808687117e-01
3.085144736799151910e-01 1.171063539864392461e-01
3.028577731500527448e-01 1.093925512391994842e-01
2.823489923067132867e-01 1.172014178932113265e-01
2.904374965312466750e-01 1.136124333575976031e-01
2.830533935019231007e-01 1.135880951945268252e-01
2.619029081620994903e-01 1.102135510807308316e-01
